time	V(transmit_electrode)
0.000000000000000e+00	-1.347111e-15
1.128852971058131e-06	3.898060e-02
3.386558913174610e-06	1.162292e-01
7.901970797407568e-06	2.629881e-01
1.425646777207740e-05	4.350704e-01
1.762674906101045e-05	5.025598e-01
2.000804484390546e-05	5.382980e-01
2.176348693202720e-05	5.578563e-01
2.343587084484354e-05	5.709475e-01
2.525736274576452e-05	5.789503e-01
2.691906148079423e-05	5.805357e-01
2.962192366355696e-05	5.715878e-01
3.398531725982458e-05	5.283694e-01
4.083579363583969e-05	3.991411e-01
4.748588598261312e-05	2.256329e-01
5.549877286887476e-05	1.509744e-03
6.213894247141579e-05	-1.551491e-01
6.620572859050624e-05	-2.235471e-01
6.898747397899967e-05	-2.547361e-01
7.100495458451208e-05	-2.685882e-01
7.251196782456955e-05	-2.738995e-01
7.434239963326423e-05	-2.744207e-01
7.625546457548800e-05	-2.679428e-01
7.854347839617742e-05	-2.508016e-01
8.225156300641274e-05	-2.019411e-01
8.646068230562846e-05	-1.174115e-01
9.208563021645693e-05	3.490648e-02
9.748530010415552e-05	2.087915e-01
1.041867374705502e-04	4.344492e-01
1.117883877949652e-04	6.604181e-01
1.159765101823829e-04	7.547190e-01
1.188250122760579e-04	8.024098e-01
1.208850157207394e-04	8.276756e-01
1.224215673977578e-04	8.412321e-01
1.242323281578559e-04	8.512625e-01
1.262144835918553e-04	8.547859e-01
1.284768257882383e-04	8.493087e-01
1.321440457789345e-04	8.195302e-01
1.379835560394666e-04	7.238378e-01
1.467661656524410e-04	4.993502e-01
1.579343902822841e-04	1.795828e-01
1.635682838957181e-04	5.159330e-02
1.671581595569978e-04	-6.742699e-03
1.696690423539941e-04	-3.456123e-02
1.715105932467847e-04	-4.761106e-02
1.731271622553883e-04	-5.374087e-02
1.747090628738245e-04	-5.482889e-02
1.763918538807536e-04	-5.061788e-02
1.787652671633045e-04	-3.532445e-02
1.826090473225296e-04	1.190498e-02
1.887098938867249e-04	1.376999e-01
1.977975637064218e-04	4.043737e-01
2.067167278193361e-04	6.864276e-01
2.131170900144847e-04	8.536264e-01
2.168544418666768e-04	9.251282e-01
2.194505857071941e-04	9.607295e-01
2.213481054570000e-04	9.788148e-01
2.229251219747479e-04	9.885396e-01
2.245001622776328e-04	9.933496e-01
2.263141679566660e-04	9.927697e-01
2.286389460577330e-04	9.824909e-01
2.324054941175416e-04	9.437911e-01
2.383924116017458e-04	8.318545e-01
2.473486467094376e-04	5.828406e-01
2.575826611815012e-04	2.701266e-01
2.633817795111464e-04	1.256446e-01
2.670322758448042e-04	5.849865e-02
2.695783738838249e-04	2.495291e-02
2.714431074660674e-04	7.903379e-03
2.730432670580167e-04	-1.457414e-03
2.745600101240974e-04	-5.750428e-03
2.763364287037163e-04	-5.068308e-03
2.786751451788094e-04	5.177951e-03
2.824638400113081e-04	4.361659e-02
2.884834896484958e-04	1.544096e-01
2.974777360194320e-04	3.990091e-01
3.065257179121973e-04	6.681104e-01
3.129981702793951e-04	8.257836e-01
3.167748602055972e-04	8.913366e-01
3.193935140884173e-04	9.225181e-01
3.213057196289955e-04	9.372424e-01
3.228723942085370e-04	9.440368e-01
3.244884053034832e-04	9.459723e-01
3.263097943781580e-04	9.419279e-01
3.286318338104044e-04	9.272460e-01
3.323940291859648e-04	8.814854e-01
3.383745077199657e-04	7.584811e-01
3.473232419169059e-04	4.930909e-01
3.584870707139909e-04	1.340978e-01
3.639016032882206e-04	-5.950267e-03
3.673843205571636e-04	-7.378159e-02
3.698323677532105e-04	-1.090299e-01
3.716323223325682e-04	-1.278936e-01
3.732782325041365e-04	-1.397196e-01
3.747924220532687e-04	-1.459433e-01
3.764228434260971e-04	-1.476247e-01
3.788156519356125e-04	-1.407230e-01
3.826901961769217e-04	-1.066948e-01
3.888362531181959e-04	-1.138317e-03
3.979753974035908e-04	2.355811e-01
4.077832470552843e-04	5.086547e-01
4.134777689995912e-04	6.332186e-01
4.170970057015950e-04	6.884416e-01
4.196249742781640e-04	7.136644e-01
4.214777845782120e-04	7.246038e-01
4.230863791721141e-04	7.287254e-01
4.246366074976153e-04	7.278816e-01
4.263649139024661e-04	7.213287e-01
4.287214637412925e-04	7.029105e-01
4.325384791801143e-04	6.506001e-01
4.385999129146577e-04	5.164397e-01
4.476423907952836e-04	2.353313e-01
4.575745842197499e-04	-9.736999e-02
4.633532438088415e-04	-2.578761e-01
4.670130574080623e-04	-3.354596e-01
4.695645469921426e-04	-3.760893e-01
4.714328217081093e-04	-3.982283e-01
4.730304780681096e-04	-4.118541e-01
4.745372871089190e-04	-4.201360e-01
4.763279772379884e-04	-4.241665e-01
4.786614020927326e-04	-4.199907e-01
4.824416902360919e-04	-3.912827e-01
4.884489209377415e-04	-2.956010e-01
4.974287689480598e-04	-7.234927e-02
5.074391915016062e-04	2.019291e-01
5.132727099685238e-04	3.286462e-01
5.169588793656973e-04	3.843524e-01
5.195255900224299e-04	4.095244e-01
5.214038501043759e-04	4.202509e-01
5.229944525088541e-04	4.240473e-01
5.245156286691826e-04	4.230545e-01
5.263199211731093e-04	4.159714e-01
5.286483017565534e-04	3.974048e-01
5.324205747999737e-04	3.454812e-01
5.384159583710620e-04	2.131130e-01
5.473820441355625e-04	-6.479082e-02
5.574094100263742e-04	-4.009270e-01
5.632550230394010e-04	-5.634527e-01
5.669469927028650e-04	-6.415212e-01
5.695170472094591e-04	-6.821374e-01
5.713974986094618e-04	-7.040997e-01
5.729865539348129e-04	-7.173455e-01
5.745138661795355e-04	-7.254002e-01
5.763192655736859e-04	-7.289635e-01
5.786472356469391e-04	-7.240725e-01
5.824188563511080e-04	-6.941627e-01
5.884132754123458e-04	-5.963860e-01
5.973782396009022e-04	-3.691826e-01
6.074069823920635e-04	-8.800556e-02
6.132535817262293e-04	4.337067e-02
6.169460242453986e-04	1.021169e-01
6.195163512588489e-04	1.294498e-01
6.213969812033282e-04	1.417826e-01
6.229859104903788e-04	1.469507e-01
6.245137226066199e-04	1.472951e-01
6.263192121682027e-04	1.418116e-01
6.286471488010121e-04	1.253673e-01
6.324187163647861e-04	7.701312e-02
6.384130568539139e-04	-4.935978e-02
6.473779296676198e-04	-3.176093e-01
6.566849983132284e-04	-6.203868e-01
6.629965391408350e-04	-7.915429e-01
6.667737700047055e-04	-8.678661e-01
6.693927327503491e-04	-9.065193e-01
6.713051395330464e-04	-9.267003e-01
6.728716725006001e-04	-9.379639e-01
6.744882444114488e-04	-9.445126e-01
6.763097345253309e-04	-9.456641e-01
6.786317364782096e-04	-9.376054e-01
6.823938722834836e-04	-9.025713e-01
6.883742626815682e-04	-7.965925e-01
6.973228941531745e-04	-5.565699e-01
7.075121173434622e-04	-2.549544e-01
7.133890948516426e-04	-1.140871e-01
7.170372044385739e-04	-5.059928e-02
7.195819204640326e-04	-1.958989e-02
7.214457459978662e-04	-4.390691e-03
7.230465476311706e-04	3.391543e-03
7.245658388707987e-04	6.185011e-03
7.263385965218007e-04	3.748013e-03
7.286786702701835e-04	-8.816792e-03
7.324695211374534e-04	-5.103281e-02
7.384923546587233e-04	-1.678575e-01
7.474902877395314e-04	-4.214193e-01
7.561940606445041e-04	-6.893383e-01
7.629468665754425e-04	-8.616862e-01
7.667405881623460e-04	-9.314058e-01
7.693689580100464e-04	-9.653319e-01
7.712874906550193e-04	-9.819927e-01
7.728497142843161e-04	-9.902993e-01
7.744833495888605e-04	-9.938321e-01
7.763079136054566e-04	-9.914973e-01
7.786287753071381e-04	-9.789925e-01
7.823890987445233e-04	-9.367561e-01
7.883668075222871e-04	-8.193251e-01
7.973123127878385e-04	-5.621050e-01
8.075482296292925e-04	-2.393242e-01
8.133375514466556e-04	-8.926537e-02
8.170024935756860e-04	-1.815152e-02
8.195569484743448e-04	1.803899e-02
8.214271698632884e-04	3.696781e-02
8.230234504901358e-04	4.786125e-02
8.245248006133669e-04	5.359812e-02
8.263233328332563e-04	5.467214e-02
8.286538496394039e-04	4.670623e-02
8.324295171988892e-04	1.207873e-02
8.384299190034919e-04	-9.248216e-02
8.474018374034901e-04	-3.279905e-01
8.567679619819687e-04	-5.979203e-01
8.630155373540059e-04	-7.439674e-01
8.667864700954277e-04	-8.062028e-01
8.694018356321695e-04	-8.351550e-01
8.713118981820084e-04	-8.482859e-01
8.728800809389712e-04	-8.538023e-01
8.744901189739942e-04	-8.544277e-01
8.763104318720968e-04	-8.489365e-01
8.786328704972911e-04	-8.324226e-01
8.823957003517514e-04	-7.837298e-01
8.883771175929470e-04	-6.561656e-01
8.973269457948690e-04	-3.842269e-01
9.073742123690096e-04	-5.137444e-02
9.132341322056370e-04	1.101998e-01
9.169329583892936e-04	1.878597e-01
9.195069629221186e-04	2.282814e-01
9.213900018067171e-04	2.501519e-01
9.229772307903779e-04	2.633283e-01
9.245117859685134e-04	2.714040e-01
9.263184917855144e-04	2.749884e-01
9.286459773416925e-04	2.702066e-01
9.324168280913714e-04	2.406881e-01
9.384101086885048e-04	1.440719e-01
9.473737487964496e-04	-8.020171e-02
9.578156151669333e-04	-3.667645e-01
9.634971306838138e-04	-4.886703e-01
9.671100774467432e-04	-5.424017e-01
9.696343904771823e-04	-5.666724e-01
9.714847936367829e-04	-5.769586e-01
9.730950923359993e-04	-5.805452e-01
9.746520876728554e-04	-5.791771e-01
9.763706700255202e-04	-5.721082e-01
9.787308231952218e-04	-5.529456e-01
9.825535589189599e-04	-4.994368e-01
9.886234223595962e-04	-3.634477e-01
9.976755907729097e-04	-8.006624e-02
1.007595515899742e-03	2.535178e-01
1.013365712819228e-03	4.141926e-01
1.017021453751506e-03	4.918502e-01
1.019570587322665e-03	5.325149e-01
1.021437314891471e-03	5.546688e-01
1.023036064824250e-03	5.683156e-01
1.024547213498721e-03	5.766096e-01
1.026331669272686e-03	5.805973e-01
1.028667405808222e-03	5.763593e-01
1.032451366652813e-03	5.474389e-01
1.038464023802854e-03	4.511683e-01
1.047450166716359e-03	2.266337e-01
1.057452809661923e-03	-4.907458e-02
1.063280800958677e-03	-1.768605e-01
1.066964318428776e-03	-2.333900e-01
1.069529499539205e-03	-2.592022e-01
1.071406756987948e-03	-2.704309e-01
1.072998067367364e-03	-2.746761e-01
1.074516435330950e-03	-2.741286e-01
1.076320221228656e-03	-2.675978e-01
1.078648789694437e-03	-2.497691e-01
1.082421361297597e-03	-1.991047e-01
1.088417186286919e-03	-6.890124e-02
1.097383785294879e-03	2.053827e-01
1.107410520906160e-03	5.368889e-01
1.113255682602794e-03	6.964613e-01
1.116947435890987e-03	7.725757e-01
1.119517365695728e-03	8.117916e-01
1.121397735390147e-03	8.327088e-01
1.122986848393932e-03	8.450585e-01
1.124513931883001e-03	8.522388e-01
1.126319290013700e-03	8.547551e-01
1.128647275390340e-03	8.484902e-01
1.132418920413186e-03	8.162979e-01
1.138413375431340e-03	7.147526e-01
1.147378381435340e-03	4.816014e-01
1.158413895231303e-03	1.672844e-01
1.163857256273261e-03	4.614978e-02
1.167354143630483e-03	-9.315757e-03
1.169810543326759e-03	-3.578906e-02
1.171616044194231e-03	-4.816412e-02
1.173258204333509e-03	-5.401630e-02
1.174941843311895e-03	-5.457637e-02
1.176478384155398e-03	-5.025187e-02
1.178905945064835e-03	-3.407854e-02
1.182835561008912e-03	1.551579e-02
1.189062302162802e-03	1.465943e-01
1.198292327837716e-03	4.202979e-01
1.207043860598945e-03	6.960342e-01
1.213309039220272e-03	8.578333e-01
1.216983308307735e-03	9.271801e-01
1.219543151747325e-03	9.617705e-01
1.221416908926986e-03	9.793406e-01
1.223010691451759e-03	9.889273e-01
1.224519252623700e-03	9.933776e-01
1.226321269176405e-03	9.927545e-01
1.228650493821291e-03	9.824134e-01
1.232424108129901e-03	9.435349e-01
1.238421474680295e-03	8.311798e-01
1.247389865799411e-03	5.815654e-01
1.257596255457821e-03	2.697452e-01
1.263388768145125e-03	1.254964e-01
1.267036984309578e-03	5.842609e-02
1.269581762055106e-03	2.491605e-02
1.271445628145000e-03	7.884771e-03
1.273046401101661e-03	-1.470899e-03
1.274565578525515e-03	-5.757922e-03
1.276338499695386e-03	-5.063918e-03
1.278678512820977e-03	5.200280e-03
1.282469267390739e-03	4.369022e-02
1.288491958716558e-03	1.546026e-01
1.297489727185711e-03	3.993700e-01
1.306518502860034e-03	6.679103e-01
1.313000335052565e-03	8.258275e-01
1.316776307127902e-03	8.913572e-01
1.319394551106492e-03	9.225280e-01
1.321306489559588e-03	9.372469e-01
1.322873352090225e-03	9.440395e-01
1.324488618847515e-03	9.459723e-01
1.326309873817801e-03	9.419276e-01
1.328631962994506e-03	9.272448e-01
1.332394237434566e-03	8.814821e-01
1.338374832946167e-03	7.584729e-01
1.347323703482156e-03	4.930757e-01
1.358466120278816e-03	1.347063e-01
1.363888899740587e-03	-5.667673e-03
1.367375673424273e-03	-7.363817e-02
1.369826113019600e-03	-1.089538e-01
1.371627656751478e-03	-1.278526e-01
1.373272631414888e-03	-1.396883e-01
1.374793071674193e-03	-1.459450e-01
1.376423084912764e-03	-1.476246e-01
1.378816044546787e-03	-1.407209e-01
1.382690828416736e-03	-1.066870e-01
1.388837237124462e-03	-1.117068e-03
1.397976780375335e-03	2.356207e-01
1.407784107800359e-03	5.086763e-01
1.413478283714629e-03	6.332279e-01
1.417097353137086e-03	6.884459e-01
1.419625224528277e-03	7.136663e-01
1.421477970845679e-03	7.246046e-01
1.423086610730100e-03	7.287257e-01
1.424637018895633e-03	7.278807e-01
1.426365066878786e-03	7.213279e-01
1.428721712482182e-03	7.029080e-01
1.432538879956140e-03	6.505933e-01
1.438600537780995e-03	5.164230e-01
1.447643273442909e-03	2.353013e-01
1.457575141082825e-03	-9.738723e-02
1.463353575467889e-03	-2.578841e-01
1.467013280711898e-03	-3.354637e-01
1.469564707626889e-03	-3.760915e-01
1.471432941194680e-03	-3.982295e-01
1.473030626637357e-03	-4.118551e-01
1.474537551083406e-03	-4.201371e-01
1.476328075422465e-03	-4.241666e-01
1.478661561753694e-03	-4.199900e-01
1.482441947571942e-03	-3.912798e-01
1.488449322606819e-03	-2.955928e-01
1.497429338120792e-03	-7.233341e-02
1.507439553904612e-03	2.019381e-01
1.513272925257055e-03	3.286501e-01
1.516959024078921e-03	3.843541e-01
1.519525694035874e-03	4.095252e-01
1.521403927440967e-03	4.202512e-01
1.522994548681477e-03	4.240474e-01
1.524515650129927e-03	4.230545e-01
1.526319929155914e-03	4.159714e-01
1.528648314737864e-03	3.974047e-01
1.532420595724325e-03	3.454809e-01
1.538415991039252e-03	2.131121e-01
1.547382090458957e-03	-6.479239e-02
1.557409439582341e-03	-4.009279e-01
1.563255040587507e-03	-5.634531e-01
1.566947004494091e-03	-6.415214e-01
1.569517055682905e-03	-6.821375e-01
1.571397504909090e-03	-7.040998e-01
1.572986561768999e-03	-7.173455e-01
1.574513867927596e-03	-7.254002e-01
1.576319266223920e-03	-7.289635e-01
1.578647236704325e-03	-7.240725e-01
1.582418858055500e-03	-6.941626e-01
1.588413278073384e-03	-5.963860e-01
1.597378243374457e-03	-3.691825e-01
1.607406984800132e-03	-8.800550e-02
1.613253583155893e-03	4.337070e-02
1.616946025206014e-03	1.021169e-01
1.619516351949159e-03	1.294498e-01
1.621396981716539e-03	1.417826e-01
1.622985911128607e-03	1.469507e-01
1.624513722749028e-03	1.472951e-01
1.626319212221175e-03	1.418116e-01
1.628647148887154e-03	1.253673e-01
1.632418716503638e-03	7.701312e-02
1.638413057070701e-03	-4.935979e-02
1.647377929975042e-03	-3.176093e-01
1.656698919457412e-03	-6.208102e-01
1.662998712011291e-03	-7.915933e-01
1.666775222290065e-03	-8.678909e-01
1.669393773594359e-03	-9.065321e-01
1.671305912297477e-03	-9.267070e-01
1.672872633910476e-03	-9.379694e-01
1.674488458740972e-03	-9.445131e-01
1.676309814257225e-03	-9.456640e-01
1.678631866137584e-03	-9.376047e-01
1.682394081298351e-03	-9.025686e-01
1.688374589105043e-03	-7.965853e-01
1.697323357419956e-03	-5.565560e-01
1.707534382122271e-03	-2.543501e-01
1.713395203437596e-03	-1.139636e-01
1.717041320564544e-03	-5.053992e-02
1.719584882603157e-03	-1.956060e-02
1.721447949803399e-03	-4.376598e-03
1.723049287665264e-03	3.400623e-03
1.724570707198566e-03	6.186725e-03
1.726340407114363e-03	3.742389e-03
1.728681614464799e-03	-8.839224e-03
1.732474265989610e-03	-5.110189e-02
1.738499758235556e-03	-1.680336e-01
1.747500768474364e-03	-4.217450e-01
1.756215893287260e-03	-6.899701e-01
1.762953481626225e-03	-8.618272e-01
1.766745005111566e-03	-9.314731e-01
1.769372122030215e-03	-9.653651e-01
1.771289839154879e-03	-9.820088e-01
1.772852636322461e-03	-9.903104e-01
1.774484000914844e-03	-9.938324e-01
1.776308155906591e-03	-9.914966e-01
1.778629169336688e-03	-9.789895e-01
1.782389733942130e-03	-9.367468e-01
1.788367799576673e-03	-8.193011e-01
1.797313720939177e-03	-5.620601e-01
1.807571608090549e-03	-2.386451e-01
1.813351471331980e-03	-8.895604e-02
1.817011864036824e-03	-1.799778e-02
1.819563688543815e-03	1.811893e-02
1.821432183163314e-03	3.700968e-02
1.823029684102059e-03	4.789415e-02
1.824535876407152e-03	5.362409e-02
1.826327452530566e-03	5.466735e-02
1.828660548848441e-03	4.666828e-02
1.832440315003451e-03	1.194276e-02
1.838446774351606e-03	-9.285007e-02
1.847425727113873e-03	-3.286880e-01
1.856798119363652e-03	-5.987241e-01
1.863026649233622e-03	-7.441833e-01
1.866793900585128e-03	-8.063022e-01
1.869407162331520e-03	-8.352011e-01
1.871315853433132e-03	-8.483058e-01
1.872885001547177e-03	-8.538120e-01
1.874491216016801e-03	-8.544263e-01
1.876310839975517e-03	-8.489345e-01
1.878633534150696e-03	-8.324164e-01
1.882396770172980e-03	-7.837123e-01
1.888378788315382e-03	-6.561225e-01
1.897329316744560e-03	-3.841475e-01
1.907375728742278e-03	-5.132784e-02
1.913235031934203e-03	1.102213e-01
1.916933562696354e-03	1.878705e-01
1.919507397098934e-03	2.282872e-01
1.921390324562913e-03	2.501550e-01
1.922977632181686e-03	2.633311e-01
1.924511875524801e-03	2.714043e-01
1.926318525098395e-03	2.749884e-01
1.928646031513887e-03	2.702064e-01
1.932416915411716e-03	2.406871e-01
1.938410245023345e-03	1.440691e-01
1.947373942142132e-03	-8.020712e-02
1.957404239737183e-03	-3.565373e-01
1.963251953460699e-03	-4.842812e-01
1.966944930204064e-03	-5.404179e-01
1.969515565073977e-03	-5.657910e-01
1.971396396717051e-03	-5.766159e-01
1.972985183623505e-03	-5.804614e-01
1.974513560420482e-03	-5.794927e-01
1.976319151839043e-03	-5.724049e-01
1.978647050696060e-03	-5.538110e-01
1.982418558230042e-03	-5.017805e-01
1.988412809960219e-03	-3.690757e-01
1.997377579550982e-03	-9.025168e-02
2.007406561179493e-03	2.476358e-01
2.013253331654367e-03	4.114744e-01
2.016945856218242e-03	4.904678e-01
2.019516230512631e-03	5.317714e-01
2.021396891434666e-03	5.542595e-01
2.022985798854236e-03	5.679625e-01
2.024513697697129e-03	5.764745e-01
2.026319202902502e-03	5.805913e-01
2.028647133733487e-03	5.764416e-01
2.032418692077544e-03	5.478006e-01
2.038413018934592e-03	4.522105e-01
2.047377875894854e-03	2.286577e-01
2.057406750293624e-03	-4.791779e-02
2.063253443930266e-03	-1.763619e-01
2.066945931658050e-03	-2.331630e-01
2.069516284724494e-03	-2.590998e-01
2.071396931738410e-03	-2.703895e-01
2.072985848975902e-03	-2.746622e-01
2.074513708880826e-03	-2.741337e-01
2.076319207062555e-03	-2.676032e-01
2.078647140498405e-03	-2.497854e-01
2.082418702981871e-03	-1.991495e-01
2.088413035959361e-03	-6.900966e-02
2.097377900037405e-03	2.051852e-01
2.107406765700270e-03	5.367743e-01
2.113253453077115e-03	6.964089e-01
2.116945937803959e-03	7.725494e-01
2.119516289141013e-03	8.117777e-01
2.121396935021867e-03	8.327013e-01
2.122985853059204e-03	8.450524e-01
2.124513709791938e-03	8.522381e-01
2.126319207401465e-03	8.547551e-01
2.128647141049527e-03	8.484910e-01
2.132418703870220e-03	8.163006e-01
2.138413037346328e-03	7.147599e-01
2.146424531506757e-03	5.091888e-01
2.156703850198036e-03	2.120903e-01
2.162838790541231e-03	6.587648e-02
2.166668510777986e-03	-2.606763e-05
2.169317357602435e-03	-3.134966e-02
2.171249201924088e-03	-4.614865e-02
2.172802070378559e-03	-5.291359e-02
2.174472731373890e-03	-5.497684e-02
2.176303963424059e-03	-5.097472e-02
2.178622351504381e-03	-3.655165e-02
2.182378743020978e-03	8.324997e-03
2.188350632902587e-03	1.287946e-01
2.197289349974596e-03	3.880814e-01
2.206338644670655e-03	6.752148e-01
2.212915964786806e-03	8.491604e-01
2.216719962731139e-03	9.229560e-01
2.219354186189894e-03	9.596283e-01
2.221276527345269e-03	9.782581e-01
2.222836073151328e-03	9.881207e-01
2.224480309124782e-03	9.933196e-01
2.226306782508887e-03	9.927853e-01
2.228626935917968e-03	9.825712e-01
2.232386133528287e-03	9.440570e-01
2.238362176340311e-03	8.325552e-01
2.247305738768448e-03	5.841674e-01
2.257489364858021e-03	2.727490e-01
2.263347409750390e-03	1.263746e-01
2.267009129622815e-03	5.885589e-02
2.269561721609833e-03	2.513437e-02
2.271430720109351e-03	7.995002e-03
2.273027864933447e-03	-1.390862e-03
2.274532644142515e-03	-5.712718e-03
2.276326250288188e-03	-5.089759e-03
2.278658593838480e-03	5.068523e-03
2.282437163954430e-03	4.325541e-02
2.288441855785536e-03	1.534618e-01
2.297418756714058e-03	3.972344e-01
2.306456013367672e-03	6.661762e-01
2.312970806829002e-03	8.252276e-01
2.316756576242999e-03	8.910758e-01
2.319380411894370e-03	9.223934e-01
2.321295992716120e-03	9.371852e-01
2.322860292523238e-03	9.440028e-01
2.324485707550835e-03	9.459734e-01
2.326308790793223e-03	9.419319e-01
2.328630201786973e-03	9.272600e-01
2.332391398302988e-03	8.815265e-01
2.338370398948874e-03	7.585840e-01
2.347317410427750e-03	4.932820e-01
2.358441458506636e-03	1.354232e-01
2.363873952795176e-03	-5.334864e-03
2.367365502034062e-03	-7.346930e-02
2.369818756763479e-03	-1.088641e-01
2.371622169900587e-03	-1.278044e-01
2.373265814810541e-03	-1.396500e-01
2.374955360908783e-03	-1.463455e-01
2.376483408440216e-03	-1.475870e-01
2.378914112545011e-03	-1.402032e-01
2.382848706178991e-03	-1.047281e-01
2.389082724170618e-03	4.221838e-03
2.398320883836812e-03	2.454907e-01
2.407996856024457e-03	5.139957e-01
2.413605771454717e-03	6.355258e-01
2.417183519800060e-03	6.894941e-01
2.419687329143932e-03	7.141384e-01
2.421524212281516e-03	7.247934e-01
2.423144089777631e-03	7.287791e-01
2.424739135166952e-03	7.276580e-01
2.426403034036700e-03	7.211176e-01
2.428783444957052e-03	7.022802e-01
2.432638326891595e-03	6.488746e-01
2.438755499805732e-03	5.122844e-01
2.447861803259739e-03	2.278545e-01
2.457712385689763e-03	-1.016271e-01
2.463435424297348e-03	-2.598477e-01
2.467068435243030e-03	-3.364641e-01
2.469604400131631e-03	-3.766301e-01
2.471462472434355e-03	-3.985262e-01
2.473067343260170e-03	-4.121099e-01
2.474602786876379e-03	-4.203948e-01
2.476352337333896e-03	-4.241779e-01
2.478701013856331e-03	-4.198287e-01
2.482505528006228e-03	-3.905745e-01
2.488548527506109e-03	-2.935660e-01
2.497569767185274e-03	-6.841717e-02
2.507528694641329e-03	2.041548e-01
2.513325924770218e-03	3.296009e-01
2.516994668881143e-03	3.847837e-01
2.519551321000377e-03	4.097162e-01
2.521422984398602e-03	4.203256e-01
2.523018246113621e-03	4.240668e-01
2.524520938739385e-03	4.230431e-01
2.526321896355946e-03	4.159601e-01
2.528651513711544e-03	3.973719e-01
2.532425752048746e-03	3.453921e-01
2.538424041125532e-03	2.128987e-01
2.547393504497722e-03	-6.518044e-02
2.557416720302854e-03	-4.011537e-01
2.563259363626783e-03	-5.635570e-01
2.566949909434635e-03	-6.415740e-01
2.569519143287200e-03	-6.821656e-01
2.571399056967196e-03	-7.041151e-01
2.572988491893879e-03	-7.173586e-01
2.574514298604752e-03	-7.254018e-01
2.576319426424748e-03	-7.289635e-01
2.578647497216647e-03	-7.240714e-01
2.582419277973019e-03	-6.941578e-01
2.588413933681871e-03	-5.963724e-01
2.597379173071068e-03	-3.691561e-01
2.607407578067507e-03	-8.799029e-02
2.613253935379221e-03	4.337730e-02
2.616946261871794e-03	1.021200e-01
2.619516522020403e-03	1.294512e-01
2.621397108156046e-03	1.417832e-01
2.622986068368468e-03	1.469509e-01
2.624513757834167e-03	1.472951e-01
2.626319225271959e-03	1.418115e-01
2.628647170109833e-03	1.253671e-01
2.632418750712327e-03	7.701256e-02
2.638413110480220e-03	-4.936115e-02
2.647378005714127e-03	-3.176118e-01
2.656710342883013e-03	-6.211576e-01
2.663000513452831e-03	-7.916349e-01
2.666776426372548e-03	-8.679115e-01
2.669394636570913e-03	-9.065428e-01
2.671306553012758e-03	-9.267126e-01
2.672873431033072e-03	-9.379739e-01
2.674488636446592e-03	-9.445136e-01
2.676309880364759e-03	-9.456639e-01
2.678631973641116e-03	-9.376041e-01
2.682394254597209e-03	-9.025664e-01
2.688374859749392e-03	-7.965792e-01
2.697323741521501e-03	-5.565445e-01
2.707552566857283e-03	-2.538568e-01
2.713400170588288e-03	-1.138632e-01
2.717044667939575e-03	-5.049167e-02
2.719587291653848e-03	-1.953678e-02
2.721449742167968e-03	-4.365142e-03
2.723051516126964e-03	3.407998e-03
2.724574666583083e-03	6.188086e-03
2.726341879640835e-03	3.737810e-03
2.728684008923975e-03	-8.857481e-03
2.732478124832505e-03	-5.115810e-02
2.738505779041211e-03	-1.681769e-01
2.747509290518379e-03	-4.220098e-01
2.756233725297380e-03	-6.904858e-01
2.762958863348570e-03	-8.619419e-01
2.766748599001554e-03	-9.315279e-01
2.769374696626011e-03	-9.653921e-01
2.771291750214747e-03	-9.820219e-01
2.772855014067844e-03	-9.903194e-01
2.774484530926454e-03	-9.938327e-01
2.776308353076912e-03	-9.914960e-01
2.778629489974472e-03	-9.789870e-01
2.782390250827094e-03	-9.367391e-01
2.788368606844596e-03	-8.192816e-01
2.797314866777796e-03	-5.620235e-01
2.807590718298578e-03	-2.380903e-01
2.813362854445814e-03	-8.870328e-02
2.817019528799872e-03	-1.787215e-02
2.819569202443560e-03	1.818426e-02
2.821436284704037e-03	3.704390e-02
2.823034783914727e-03	4.792100e-02
2.824544937620935e-03	5.364516e-02
2.826330822789523e-03	5.466340e-02
2.828666029323482e-03	4.663717e-02
2.832449148148672e-03	1.183138e-02
2.838460561328640e-03	-9.315128e-02
2.844489567185612e-03	-2.447622e-01
2.851158988419597e-03	-4.387361e-01
2.859312430255527e-03	-6.627784e-01
2.864406527077560e-03	-7.695568e-01
2.867729769036593e-03	-8.180631e-01
2.870082884319293e-03	-8.406324e-01
2.871819434424104e-03	-8.505968e-01
2.873503229006005e-03	-8.546532e-01
2.875376955583863e-03	-8.525748e-01
2.877113781618939e-03	-8.444234e-01
2.879938008692734e-03	-8.185419e-01
2.884491111364956e-03	-7.455506e-01
2.891607325109691e-03	-5.664178e-01
2.901748876293384e-03	-2.345980e-01
2.910037755447505e-03	2.703815e-02
2.914857678966196e-03	1.469588e-01
2.918041281654517e-03	2.067134e-01
2.920309841969901e-03	2.384225e-01
2.921989351176801e-03	2.556993e-01
2.923708220767834e-03	2.677503e-01
2.926018978735487e-03	2.748373e-01
2.928158784642067e-03	2.720754e-01
2.931630503087020e-03	2.489900e-01
2.937177101229984e-03	1.683746e-01
2.945603263506485e-03	-3.120725e-02
2.956724099713932e-03	-3.393014e-01
2.962850664411504e-03	-4.769079e-01
2.966676421666603e-03	-5.370917e-01
2.969323018149927e-03	-5.643069e-01
2.971253401099516e-03	-5.760298e-01
2.972807295963709e-03	-5.802756e-01
2.974473895832635e-03	-5.795761e-01
2.976304396632385e-03	-5.724889e-01
2.978623055992173e-03	-5.540564e-01
2.982379878733957e-03	-5.024460e-01
2.988352406866820e-03	-3.706791e-01
2.997291868814570e-03	-9.317593e-02
3.007351759638129e-03	2.459240e-01
3.013220813023372e-03	4.106845e-01
3.016924013803914e-03	4.900665e-01
3.019500536975696e-03	5.315557e-01
3.021385225098052e-03	5.541408e-01
3.022971290233684e-03	5.678596e-01
3.024510460579399e-03	5.764614e-01
3.026317998770098e-03	5.805907e-01
3.028645175617529e-03	5.764496e-01
3.032415535786375e-03	5.478355e-01
3.038408090973434e-03	4.523111e-01
3.047370887273839e-03	2.288533e-01
3.057402289791520e-03	-4.780567e-02
3.063250795863406e-03	-1.763136e-01
3.066944152429790e-03	-2.331410e-01
3.069515006168651e-03	-2.590899e-01
3.071395981203975e-03	-2.703855e-01
3.072984666890463e-03	-2.746608e-01
3.074513445122233e-03	-2.741341e-01
3.076319108950979e-03	-2.676038e-01
3.078646980953136e-03	-2.497870e-01
3.082418445811816e-03	-1.991538e-01
3.088412634442854e-03	-6.902014e-02
3.097377330651068e-03	2.051660e-01
3.107406402340178e-03	5.367632e-01
3.113253237352748e-03	6.964037e-01
3.116945792855748e-03	7.725468e-01
3.119516184979708e-03	8.117763e-01
3.121396857583288e-03	8.327006e-01
3.122985756756712e-03	8.450518e-01
3.124513688303870e-03	8.522381e-01
3.126319199408446e-03	8.547551e-01
3.128647128051589e-03	8.484910e-01
3.132418682918931e-03	8.163008e-01
3.138413004635378e-03	7.147606e-01
3.147377855617363e-03	4.816167e-01
3.155994374712656e-03	2.313902e-01
3.162680616691442e-03	6.907345e-02
3.166563316202783e-03	1.470110e-03
3.169242154668777e-03	-3.063344e-02
3.171193439527121e-03	-4.581984e-02
3.172732668134016e-03	-5.271044e-02
3.174642506592820e-03	-5.488161e-02
3.176367107437355e-03	-5.071988e-02
3.178725030441439e-03	-3.567389e-02
3.182544225860699e-03	1.088803e-02
3.188608872523350e-03	1.351791e-01
3.196184569930055e-03	3.529675e-01
3.205537679635607e-03	6.510976e-01
3.212504612029429e-03	8.398442e-01
3.216446674505828e-03	9.184455e-01
3.219158916811250e-03	9.573445e-01
3.221131775153640e-03	9.771020e-01
3.222655898880932e-03	9.872253e-01
3.224547506221386e-03	9.934177e-01
3.226331778146654e-03	9.927319e-01
3.228667582850385e-03	9.822982e-01
3.232451651993474e-03	9.431546e-01
3.238464469134708e-03	8.301796e-01
3.247450797561095e-03	5.796794e-01
3.257564664337980e-03	2.706319e-01
3.263358889616323e-03	1.261306e-01
3.267016858899259e-03	5.873650e-02
3.269567281689103e-03	2.507372e-02
3.271434855913834e-03	7.964379e-03
3.273033007382624e-03	-1.413134e-03
3.274541781131467e-03	-5.725471e-03
3.276329648764608e-03	-5.082619e-03
3.278664120212041e-03	5.105002e-03
3.282446071172646e-03	4.337587e-02
3.288455758871052e-03	1.537780e-01
3.297438457779871e-03	3.978271e-01
3.306456111378684e-03	6.661789e-01
3.312976622272066e-03	8.253459e-01
3.316760461188393e-03	8.911313e-01
3.319383195510837e-03	9.224199e-01
3.321298059120831e-03	9.371974e-01
3.322862863474865e-03	9.440101e-01
3.324486280658505e-03	9.459732e-01
3.326309003994502e-03	9.419311e-01
3.328630548493809e-03	9.272570e-01
3.332391957209400e-03	8.815178e-01
3.338371271828993e-03	7.585621e-01
3.347318649328981e-03	4.932414e-01
3.358423133632833e-03	1.359562e-01
3.363862851405389e-03	-5.087464e-03
3.367357949498185e-03	-7.334381e-02
3.369813295255084e-03	-1.087975e-01
3.371618096566181e-03	-1.277686e-01
3.373260754188944e-03	-1.396216e-01
3.374946372340147e-03	-1.463247e-01
3.376480067528831e-03	-1.475893e-01
3.378908681567930e-03	-1.402323e-01
3.382839965351561e-03	-1.048377e-01
3.389069144998941e-03	3.924553e-03
3.398301897562329e-03	2.449454e-01
3.407985189026596e-03	5.137051e-01
3.413598766214727e-03	6.354001e-01
3.417178779313429e-03	6.894368e-01
3.419683910338137e-03	7.141126e-01
3.421521665934545e-03	7.247832e-01
3.423140924920570e-03	7.287763e-01
3.424733512750818e-03	7.276708e-01
3.426400943803991e-03	7.211292e-01
3.428780046484683e-03	7.023149e-01
3.432632853093635e-03	6.489697e-01
3.438746974992353e-03	5.125129e-01
3.447849800125653e-03	2.282639e-01
3.457704879133022e-03	-1.013956e-01
3.463430942003513e-03	-2.597404e-01
3.467065412428195e-03	-3.364094e-01
3.469602223866954e-03	-3.766006e-01
3.471460852964866e-03	-3.985099e-01
3.473065329875341e-03	-4.120960e-01
3.474599209698109e-03	-4.203809e-01
3.476351007056736e-03	-4.241773e-01
3.478698850753925e-03	-4.198377e-01
3.482502042347446e-03	-3.906133e-01
3.488543090686900e-03	-2.936774e-01
3.497562078673549e-03	-6.863174e-02
3.507523828109383e-03	2.040340e-01
3.513323029018148e-03	3.295491e-01
3.516992720344268e-03	3.847603e-01
3.519549919729368e-03	4.097058e-01
3.521421942235356e-03	4.203216e-01
3.523016950230373e-03	4.240657e-01
3.524520649504386e-03	4.230437e-01
3.526321788770286e-03	4.159608e-01
3.528651338760830e-03	3.973737e-01
3.532425470053601e-03	3.453970e-01
3.538423600885131e-03	2.129104e-01
3.547392880340012e-03	-6.515921e-02
3.557416322263461e-03	-4.011413e-01
3.563259127269557e-03	-5.635513e-01
3.566949750603668e-03	-6.415711e-01
3.569519029142614e-03	-6.821640e-01
3.571398972103920e-03	-7.041143e-01
3.572988386359057e-03	-7.173579e-01
3.574514275056118e-03	-7.254017e-01
3.576319417665268e-03	-7.289635e-01
3.578647482972323e-03	-7.240714e-01
3.582419255012736e-03	-6.941581e-01
3.588413897834538e-03	-5.963731e-01
3.597379122237484e-03	-3.691575e-01
3.607407545629698e-03	-8.799113e-02
3.613253916120765e-03	4.337694e-02
3.616946248931615e-03	1.021198e-01
3.619516512721399e-03	1.294511e-01
3.621397101242694e-03	1.417831e-01
3.622986059771043e-03	1.469509e-01
3.624513755915811e-03	1.472951e-01
3.626319224558379e-03	1.418115e-01
3.628647168949437e-03	1.253671e-01
3.632418748841893e-03	7.701259e-02
3.638413107559938e-03	-4.936108e-02
3.647378001572931e-03	-3.176117e-01
3.656719666536745e-03	-6.214410e-01
3.663001960259444e-03	-7.916684e-01
3.666777393449903e-03	-8.679280e-01
3.669395329695626e-03	-9.065514e-01
3.671307067626330e-03	-9.267171e-01
3.672874071269109e-03	-9.379775e-01
3.674488779177591e-03	-9.445139e-01
3.676309933461500e-03	-9.456639e-01
3.678632059986591e-03	-9.376036e-01
3.682394393788584e-03	-9.025646e-01
3.688375077127006e-03	-7.965744e-01
3.697324050024730e-03	-5.565352e-01
3.707567476090759e-03	-2.534526e-01
3.713404263506405e-03	-1.137805e-01
3.717047426421999e-03	-5.045192e-02
3.719589276980829e-03	-1.951716e-02
3.721451219311702e-03	-4.355707e-03
3.723053352658596e-03	3.414069e-03
3.724577929603721e-03	6.189184e-03
3.726343093171625e-03	3.734034e-03
3.728685982227691e-03	-8.872534e-03
3.732481304914107e-03	-5.120444e-02
3.738510740601414e-03	-1.682950e-01
3.747516312464904e-03	-4.222281e-01
3.756248353640575e-03	-6.909087e-01
3.762963278525082e-03	-8.620360e-01
3.766751547737383e-03	-9.315729e-01
3.769376809154362e-03	-9.654143e-01
3.771293318334283e-03	-9.820326e-01
3.772856965110297e-03	-9.903267e-01
3.774484965829981e-03	-9.938329e-01
3.776308514865680e-03	-9.914955e-01
3.778629753074788e-03	-9.789850e-01
3.782390674957950e-03	-9.367329e-01
3.788369269246166e-03	-8.192657e-01
3.797315806978349e-03	-5.619935e-01
3.806516855262922e-03	-2.697450e-01
3.812729331745135e-03	-1.030526e-01
3.816595677229897e-03	-2.497010e-02
3.819265275887015e-03	1.449995e-02
3.821210578659107e-03	3.511320e-02
3.822754001551668e-03	4.636737e-02
3.824462021362459e-03	5.344637e-02
3.826299978943243e-03	5.469869e-02
3.828615871872685e-03	4.691978e-02
3.832368296923979e-03	1.284580e-02
3.838334315210344e-03	-9.040234e-02
3.846387962081438e-03	-2.985698e-01
3.855540141650578e-03	-5.645902e-01
3.862232315235361e-03	-7.283058e-01
3.866267074687126e-03	-7.990113e-01
3.869031059643663e-03	-8.318079e-01
3.871037171767378e-03	-8.468267e-01
3.872538077758111e-03	-8.530098e-01
3.874377235431345e-03	-8.545514e-01
3.876268430104997e-03	-8.491374e-01
3.878564564812934e-03	-8.330588e-01
3.882285569445598e-03	-7.855253e-01
3.888205020106540e-03	-6.605867e-01
3.897082281065484e-03	-3.924088e-01
3.907216856893916e-03	-5.622038e-02
3.913140903869392e-03	1.079698e-01
3.916870401779324e-03	1.867319e-01
3.919462039832293e-03	2.276786e-01
3.921356615409786e-03	2.498226e-01
3.922935707080047e-03	2.630458e-01
3.924502523053875e-03	2.713691e-01
3.926315046141453e-03	2.749877e-01
3.928640374141071e-03	2.702307e-01
3.932407796131112e-03	2.407897e-01
3.938396006194676e-03	1.443614e-01
3.947353746135955e-03	-7.964134e-02
3.957391343580409e-03	-3.562143e-01
3.963244298361347e-03	-4.841427e-01
3.966939787187659e-03	-5.403553e-01
3.969511869448596e-03	-5.657631e-01
3.971393649285104e-03	-5.766050e-01
3.972981766892634e-03	-5.804584e-01
3.974512798057610e-03	-5.794944e-01
3.976318868258825e-03	-5.724065e-01
3.978646589548686e-03	-5.538157e-01
3.982417814908385e-03	-5.017933e-01
3.988411649415955e-03	-3.691066e-01
3.997375933774657e-03	-9.030786e-02
4.000000000000000e-03	3.698700e-16
