time	V(vout)
0.000000000000000e+00	-2.807420e-03
1.128852971058131e-06	-1.192951e-01
3.386558913174610e-06	-3.474893e-01
7.901970797407568e-06	-7.702451e-01
1.425646777207740e-05	-1.284884e+00
1.762674906101045e-05	-1.500320e+00
2.000804484390546e-05	-1.612285e+00
2.176348693202720e-05	-1.672646e+00
2.343587084484354e-05	-1.711761e+00
2.525736274576452e-05	-1.735856e+00
2.691906148079423e-05	-1.738581e+00
2.962192366355696e-05	-1.701904e+00
3.398531725982458e-05	-1.553035e+00
4.083579363583969e-05	-1.164563e+00
4.748588598261312e-05	-6.700605e-01
5.549877286887476e-05	-3.096347e-02
6.213894247141579e-05	4.382619e-01
6.620572859050624e-05	6.559470e-01
6.898747397899967e-05	7.563443e-01
7.100495458451208e-05	8.016201e-01
7.251196782456955e-05	8.181852e-01
7.434239963326423e-05	8.190173e-01
7.625546457548800e-05	7.987433e-01
7.854347839617742e-05	7.421907e-01
8.225156300641274e-05	5.881014e-01
8.646068230562846e-05	3.306217e-01
9.208563021645693e-05	-1.210290e-01
9.748530010415552e-05	-6.270473e-01
1.041867374705502e-04	-1.275186e+00
1.117883877949652e-04	-1.943884e+00
1.159765101823829e-04	-2.240784e+00
1.188250122760579e-04	-2.390172e+00
1.208850157207394e-04	-2.469220e+00
1.224215673977578e-04	-2.510173e+00
1.242323281578559e-04	-2.538827e+00
1.262144835918553e-04	-2.547874e+00
1.284768257882383e-04	-2.525887e+00
1.321440457789345e-04	-2.420133e+00
1.379835560394666e-04	-2.111874e+00
1.467661656524410e-04	-1.462378e+00
1.579343902822841e-04	-5.561211e-01
1.635682838957181e-04	-1.584772e-01
1.671581595569978e-04	2.750676e-02
1.696690423539941e-04	1.169068e-01
1.715105932467847e-04	1.587903e-01
1.731271622553883e-04	1.782681e-01
1.747090628738245e-04	1.819035e-01
1.763918538807536e-04	1.679347e-01
1.787652671633045e-04	1.158493e-01
1.826090473225296e-04	-4.110407e-02
1.887098938867249e-04	-4.346998e-01
1.977975637064218e-04	-1.199483e+00
2.067167278193361e-04	-1.997112e+00
2.131170900144847e-04	-2.503179e+00
2.168544418666768e-04	-2.729148e+00
2.194505857071941e-04	-2.840991e+00
2.213481054570000e-04	-2.897430e+00
2.229251219747479e-04	-2.927014e+00
2.245001622776328e-04	-2.940629e+00
2.263141679566660e-04	-2.936637e+00
2.286389460577330e-04	-2.899086e+00
2.324054941175416e-04	-2.765689e+00
2.383924116017458e-04	-2.408742e+00
2.473486467094376e-04	-1.688702e+00
2.575826611815012e-04	-7.984831e-01
2.633817795111464e-04	-3.536188e-01
2.670322758448042e-04	-1.406994e-01
2.695783738838249e-04	-3.389621e-02
2.714431074660674e-04	2.019525e-02
2.730432670580167e-04	4.959846e-02
2.745600101240974e-04	6.262394e-02
2.763364287037163e-04	5.912590e-02
2.786751451788094e-04	2.280426e-02
2.824638400113081e-04	-1.074309e-01
2.884834896484958e-04	-4.564235e-01
2.974777360194320e-04	-1.157060e+00
3.065257179121973e-04	-1.914309e+00
3.129981702793951e-04	-2.391317e+00
3.167748602055972e-04	-2.599666e+00
3.193935140884173e-04	-2.698425e+00
3.213057196289955e-04	-2.744932e+00
3.228723942085370e-04	-2.765689e+00
3.244884053034832e-04	-2.770631e+00
3.263097943781580e-04	-2.756362e+00
3.286318338104044e-04	-2.705688e+00
3.323940291859648e-04	-2.551289e+00
3.383745077199657e-04	-2.161496e+00
3.473232419169059e-04	-1.393825e+00
3.584870707139909e-04	-3.671816e-01
3.639016032882206e-04	6.856946e-02
3.673843205571636e-04	2.824069e-01
3.698323677532105e-04	3.937105e-01
3.716323223325682e-04	4.526611e-01
3.732782325041365e-04	4.892206e-01
3.747924220532687e-04	5.083346e-01
3.764228434260971e-04	5.117643e-01
3.788156519356125e-04	4.843382e-01
3.826901961769217e-04	3.664736e-01
3.888362531181959e-04	3.316711e-02
3.979753974035908e-04	-6.407707e-01
4.077832470552843e-04	-1.412611e+00
4.134777689995912e-04	-1.796102e+00
4.170970057015950e-04	-1.971719e+00
4.196249742781640e-04	-2.052525e+00
4.214777845782120e-04	-2.087489e+00
4.230863791721141e-04	-2.100441e+00
4.246366074976153e-04	-2.097564e+00
4.263649139024661e-04	-2.075825e+00
4.287214637412925e-04	-2.013667e+00
4.325384791801143e-04	-1.839913e+00
4.385999129146577e-04	-1.418157e+00
4.476423907952836e-04	-6.060646e-01
4.575745842197499e-04	3.444400e-01
4.633532438088415e-04	8.358899e-01
4.670130574080623e-04	1.079298e+00
4.695645469921426e-04	1.206808e+00
4.714328217081093e-04	1.275753e+00
4.730304780681096e-04	1.317587e+00
4.745372871089190e-04	1.342157e+00
4.763279772379884e-04	1.352298e+00
4.786614020927326e-04	1.333611e+00
4.824416902360919e-04	1.231434e+00
4.884489209377415e-04	9.256577e-01
4.974287689480598e-04	2.864483e-01
5.074391915016062e-04	-4.873288e-01
5.132727099685238e-04	-8.770081e-01
5.169588793656973e-04	-1.054914e+00
5.195255900224299e-04	-1.136145e+00
5.214038501043759e-04	-1.170954e+00
5.229944525088541e-04	-1.183322e+00
5.245156286691826e-04	-1.180064e+00
5.263199211731093e-04	-1.156968e+00
5.286483017565534e-04	-1.095301e+00
5.324205747999737e-04	-9.237657e-01
5.384159583710620e-04	-5.084441e-01
5.473820441355625e-04	2.938978e-01
5.574094100263742e-04	1.251716e+00
5.632550230394010e-04	1.747982e+00
5.669469927028650e-04	1.992416e+00
5.695170472094591e-04	2.119540e+00
5.713974986094618e-04	2.187719e+00
5.729865539348129e-04	2.228112e+00
5.745138661795355e-04	2.251674e+00
5.763192655736859e-04	2.260142e+00
5.786472356469391e-04	2.238956e+00
5.824188563511080e-04	2.132439e+00
5.884132754123458e-04	1.818980e+00
5.973782396009022e-04	1.165669e+00
6.074069823920635e-04	3.700406e-01
6.132535817262293e-04	-3.417392e-02
6.169460242453986e-04	-2.217369e-01
6.195163512588489e-04	-3.098495e-01
6.213969812033282e-04	-3.497854e-01
6.229859104903788e-04	-3.665103e-01
6.245137226066199e-04	-3.675048e-01
6.263192121682027e-04	-3.495254e-01
6.286471488010121e-04	-2.946403e-01
6.324187163647861e-04	-1.345173e-01
6.384130568539139e-04	2.616722e-01
6.473779296676198e-04	1.034077e+00
6.566849983132284e-04	1.891695e+00
6.629965391408350e-04	2.409838e+00
6.667737700047055e-04	2.649897e+00
6.693927327503491e-04	2.771016e+00
6.713051395330464e-04	2.833852e+00
6.728716725006001e-04	2.867989e+00
6.744882444114488e-04	2.886750e+00
6.763097345253309e-04	2.888057e+00
6.786317364782096e-04	2.857229e+00
6.823938722834836e-04	2.734902e+00
6.883742626815682e-04	2.395872e+00
6.973228941531745e-04	1.702601e+00
7.075121173434622e-04	8.459439e-01
7.133890948516426e-04	4.119400e-01
7.170372044385739e-04	2.096830e-01
7.195819204640326e-04	1.104575e-01
7.214457459978662e-04	6.189330e-02
7.230465476311706e-04	3.720607e-02
7.245658388707987e-04	2.864237e-02
7.263385965218007e-04	3.736471e-02
7.286786702701835e-04	8.061631e-02
7.324695211374534e-04	2.221059e-01
7.384923546587233e-04	5.890071e-01
7.474902877395314e-04	1.316314e+00
7.561940606445041e-04	2.070194e+00
7.629468665754425e-04	2.589411e+00
7.667405881623460e-04	2.810929e+00
7.693689580100464e-04	2.917826e+00
7.712874906550193e-04	2.970117e+00
7.728497142843161e-04	2.995360e+00
7.744833495888605e-04	3.005070e+00
7.763079136054566e-04	2.995986e+00
7.786287753071381e-04	2.951818e+00
7.823890987445233e-04	2.807799e+00
7.883668075222871e-04	2.434272e+00
7.973123127878385e-04	1.689346e+00
8.075482296292925e-04	7.689524e-01
8.133375514466556e-04	3.076102e-01
8.170024935756860e-04	8.287825e-02
8.195569484743448e-04	-3.187078e-02
8.214271698632884e-04	-9.161549e-02
8.230234504901358e-04	-1.256388e-01
8.245248006133669e-04	-1.429133e-01
8.263233328332563e-04	-1.446140e-01
8.286538496394039e-04	-1.152180e-01
8.324295171988892e-04	3.615147e-03
8.384299190034919e-04	3.342096e-01
8.474018374034901e-04	1.008206e+00
8.567679619819687e-04	1.767578e+00
8.630155373540059e-04	2.210951e+00
8.667864700954277e-04	2.408737e+00
8.694018356321695e-04	2.500881e+00
8.713118981820084e-04	2.542651e+00
8.728800809389712e-04	2.559630e+00
8.744901189739942e-04	2.560697e+00
8.763104318720968e-04	2.542126e+00
8.786328704972911e-04	2.486042e+00
8.823957003517514e-04	2.323041e+00
8.883771175929470e-04	1.919965e+00
8.973269457948690e-04	1.132098e+00
9.073742123690096e-04	1.820071e-01
9.132341322056370e-04	-3.124693e-01
9.169329583892936e-04	-5.566029e-01
9.195069629221186e-04	-6.838315e-01
9.213900018067171e-04	-7.522573e-01
9.229772307903779e-04	-7.928666e-01
9.245117859685134e-04	-8.169126e-01
9.263184917855144e-04	-8.259808e-01
9.286459773416925e-04	-8.058376e-01
9.324168280913714e-04	-7.017375e-01
9.384101086885048e-04	-3.938657e-01
9.473737487964496e-04	2.472563e-01
9.578156151669333e-04	1.055631e+00
9.634971306838138e-04	1.432502e+00
9.671100774467432e-04	1.603827e+00
9.696343904771823e-04	1.681925e+00
9.714847936367829e-04	1.715036e+00
9.730950923359993e-04	1.726474e+00
9.746520876728554e-04	1.722162e+00
9.763706700255202e-04	1.699022e+00
9.787308231952218e-04	1.634763e+00
9.825535589189599e-04	1.457729e+00
9.886234223595962e-04	1.031144e+00
9.976755907729097e-04	2.133248e-01
1.007595515899742e-03	-7.394003e-01
1.013365712819228e-03	-1.231132e+00
1.017021453751506e-03	-1.474512e+00
1.019570587322665e-03	-1.601938e+00
1.021437314891471e-03	-1.670781e+00
1.023036064824250e-03	-1.712545e+00
1.024547213498721e-03	-1.737049e+00
1.026331669272686e-03	-1.746932e+00
1.028667405808222e-03	-1.727819e+00
1.032451366652813e-03	-1.624630e+00
1.038464023802854e-03	-1.316504e+00
1.047450166716359e-03	-6.727405e-01
1.057452809661923e-03	1.060542e-01
1.063280800958677e-03	4.992509e-01
1.066964318428776e-03	6.798363e-01
1.069529499539205e-03	7.631504e-01
1.071406756987948e-03	7.995889e-01
1.072998067367364e-03	8.134221e-01
1.074516435330950e-03	8.116148e-01
1.076320221228656e-03	7.903045e-01
1.078648789694437e-03	7.310365e-01
1.082421361297597e-03	5.636063e-01
1.088417186286919e-03	1.553314e-01
1.097383785294879e-03	-6.353853e-01
1.107410520906160e-03	-1.578784e+00
1.113255682602794e-03	-2.065956e+00
1.116947435890987e-03	-2.304338e+00
1.119517365695728e-03	-2.427122e+00
1.121397735390147e-03	-2.492065e+00
1.122986848393932e-03	-2.529686e+00
1.124513931883001e-03	-2.550545e+00
1.126319290013700e-03	-2.555776e+00
1.128647275390340e-03	-2.530335e+00
1.132418920413186e-03	-2.416721e+00
1.138413375431340e-03	-2.091519e+00
1.147378381435340e-03	-1.420832e+00
1.158413895231303e-03	-5.274563e-01
1.163857256273261e-03	-1.487215e-01
1.167354143630483e-03	2.822882e-02
1.169810543326759e-03	1.133615e-01
1.171616044194231e-03	1.529830e-01
1.173258204333509e-03	1.713230e-01
1.174941843311895e-03	1.738275e-01
1.176478384155398e-03	1.597512e-01
1.178905945064835e-03	1.041097e-01
1.182835561008912e-03	-6.034692e-02
1.189062302162802e-03	-4.689585e-01
1.198292327837716e-03	-1.251688e+00
1.207043860598945e-03	-2.032931e+00
1.213309039220272e-03	-2.523798e+00
1.216983308307735e-03	-2.743034e+00
1.219543151747325e-03	-2.851695e+00
1.221416908926986e-03	-2.906430e+00
1.223010691451759e-03	-2.935711e+00
1.224519252623700e-03	-2.948348e+00
1.226321269176405e-03	-2.944053e+00
1.228650493821291e-03	-2.906239e+00
1.232424108129901e-03	-2.772259e+00
1.238421474680295e-03	-2.414092e+00
1.247389865799411e-03	-1.692520e+00
1.257596255457821e-03	-8.047036e-01
1.263388768145125e-03	-3.605203e-01
1.267036984309578e-03	-1.478389e-01
1.269581762055106e-03	-4.114494e-02
1.271445628145000e-03	1.288855e-02
1.273046401101661e-03	4.227168e-02
1.274565578525515e-03	5.529083e-02
1.276338499695386e-03	5.176579e-02
1.278678512820977e-03	1.537258e-02
1.282469267390739e-03	-1.150213e-01
1.288491958716558e-03	-4.643466e-01
1.297489727185711e-03	-1.165403e+00
1.306518502860034e-03	-1.921030e+00
1.313000335052565e-03	-2.398720e+00
1.316776307127902e-03	-2.607025e+00
1.319394551106492e-03	-2.705747e+00
1.321306489559588e-03	-2.752234e+00
1.322873352090225e-03	-2.772985e+00
1.324488618847515e-03	-2.777919e+00
1.326309873817801e-03	-2.763646e+00
1.328631962994506e-03	-2.712967e+00
1.332394237434566e-03	-2.558555e+00
1.338374832946167e-03	-2.168738e+00
1.347323703482156e-03	-1.401007e+00
1.358466120278816e-03	-3.761811e-01
1.363888899740587e-03	6.045151e-02
1.367375673424273e-03	2.747304e-01
1.369826113019600e-03	3.862494e-01
1.371627656751478e-03	4.453182e-01
1.373272631414888e-03	4.818967e-01
1.374793071674193e-03	5.011126e-01
1.376423084912764e-03	5.045543e-01
1.378816044546787e-03	4.771233e-01
1.382690828416736e-03	3.592460e-01
1.388837237124462e-03	2.591002e-02
1.397976780375335e-03	-6.480603e-01
1.407784107800359e-03	-1.419840e+00
1.413478283714629e-03	-1.803289e+00
1.417097353137086e-03	-1.978885e+00
1.419625224528277e-03	-2.059679e+00
1.421477970845679e-03	-2.094638e+00
1.423086610730100e-03	-2.107585e+00
1.424637018895633e-03	-2.104704e+00
1.426365066878786e-03	-2.082963e+00
1.428721712482182e-03	-2.020794e+00
1.432538879956140e-03	-1.847021e+00
1.438600537780995e-03	-1.425228e+00
1.447643273442909e-03	-6.130888e-01
1.457575141082825e-03	3.373964e-01
1.463353575467889e-03	8.288283e-01
1.467013280711898e-03	1.072230e+00
1.469564707626889e-03	1.199738e+00
1.471432941194680e-03	1.268681e+00
1.473030626637357e-03	1.310517e+00
1.474537551083406e-03	1.335090e+00
1.476328075422465e-03	1.345230e+00
1.478661561753694e-03	1.326544e+00
1.482441947571942e-03	1.224364e+00
1.488449322606819e-03	9.185818e-01
1.497429338120792e-03	2.793660e-01
1.507439553904612e-03	-4.943798e-01
1.513272925257055e-03	-8.840365e-01
1.516959024078921e-03	-1.061931e+00
1.519525694035874e-03	-1.143154e+00
1.521403927440967e-03	-1.177959e+00
1.522994548681477e-03	-1.190325e+00
1.524515650129927e-03	-1.187065e+00
1.526319929155914e-03	-1.163965e+00
1.528648314737864e-03	-1.102295e+00
1.532420595724325e-03	-9.307538e-01
1.538415991039252e-03	-5.154223e-01
1.547382090458957e-03	2.869338e-01
1.557409439582341e-03	1.244764e+00
1.563255040587507e-03	1.741037e+00
1.566947004494091e-03	1.985476e+00
1.569517055682905e-03	2.112603e+00
1.571397504909090e-03	2.180784e+00
1.572986561768999e-03	2.221180e+00
1.574513867927596e-03	2.244744e+00
1.576319266223920e-03	2.253214e+00
1.578647236704325e-03	2.232031e+00
1.582418858055500e-03	2.125519e+00
1.588413278073384e-03	1.812068e+00
1.597378243374457e-03	1.158769e+00
1.607406984800132e-03	3.631552e-01
1.613253583155893e-03	-4.105121e-02
1.616946025206014e-03	-2.286091e-01
1.619516351949159e-03	-3.167181e-01
1.621396981716539e-03	-3.566514e-01
1.622985911128607e-03	-3.733742e-01
1.624513722749028e-03	-3.743665e-01
1.626319212221175e-03	-3.563846e-01
1.628647148887154e-03	-3.014963e-01
1.632418716503638e-03	-1.413682e-01
1.638413057070701e-03	2.548295e-01
1.647377929975042e-03	1.027238e+00
1.656698919457412e-03	1.886130e+00
1.662998712011291e-03	2.403223e+00
1.666775222290065e-03	2.643175e+00
1.669393773594359e-03	2.764261e+00
1.671305912297477e-03	2.827079e+00
1.672872633910476e-03	2.861214e+00
1.674488458740972e-03	2.879962e+00
1.676309814257225e-03	2.881265e+00
1.678631866137584e-03	2.850435e+00
1.682394081298351e-03	2.728106e+00
1.688374589105043e-03	2.389072e+00
1.697323357419956e-03	1.695817e+00
1.707534382122271e-03	8.374034e-01
1.713395203437596e-03	4.047689e-01
1.717041320564544e-03	2.027576e-01
1.719584882603157e-03	1.036308e-01
1.721447949803399e-03	5.511998e-02
1.723049287665264e-03	3.045610e-02
1.724570707198566e-03	2.190821e-02
1.726340407114363e-03	3.064981e-02
1.728681614464799e-03	7.397341e-02
1.732474265989610e-03	2.156171e-01
1.738499758235556e-03	5.828326e-01
1.747500768474364e-03	1.310527e+00
1.756215893287260e-03	2.065364e+00
1.762953481626225e-03	2.583216e+00
1.766745005111566e-03	2.804479e+00
1.769372122030215e-03	2.911273e+00
1.771289839154879e-03	2.963510e+00
1.772852636322461e-03	2.988742e+00
1.774484000914844e-03	2.998420e+00
1.776308155906591e-03	2.989323e+00
1.778629169336688e-03	2.945145e+00
1.782389733942130e-03	2.801112e+00
1.788367799576673e-03	2.427555e+00
1.797313720939177e-03	1.682610e+00
1.807571608090549e-03	7.603717e-01
1.813351471331980e-03	3.000286e-01
1.817011864036824e-03	7.578859e-02
1.819563688543815e-03	-3.872412e-02
1.821432183163314e-03	-9.834015e-02
1.823029684102059e-03	-1.323204e-01
1.824535876407152e-03	-1.495905e-01
1.826327452530566e-03	-1.512087e-01
1.828660548848441e-03	-1.216682e-01
1.832440315003451e-03	-2.515180e-03
1.838446774351606e-03	3.287507e-01
1.847425727113873e-03	1.003577e+00
1.856798119363652e-03	1.763398e+00
1.863026649233622e-03	2.205127e+00
1.866793900585128e-03	2.402517e+00
1.869407162331520e-03	2.494496e+00
1.871315853433132e-03	2.536180e+00
1.872885001547177e-03	2.553136e+00
1.874491216016801e-03	2.554177e+00
1.876310839975517e-03	2.535597e+00
1.878633534150696e-03	2.479498e+00
1.882396770172980e-03	2.316467e+00
1.888378788315382e-03	1.913322e+00
1.897329316744560e-03	1.125377e+00
1.907375728742278e-03	1.753847e-01
1.913235031934203e-03	-3.190135e-01
1.916933562696354e-03	-5.631094e-01
1.919507397098934e-03	-6.903185e-01
1.921390324562913e-03	-7.587333e-01
1.922977632181686e-03	-7.993398e-01
1.924511875524801e-03	-8.233769e-01
1.926318525098395e-03	-8.324410e-01
1.928646031513887e-03	-8.122936e-01
1.932416915411716e-03	-7.081863e-01
1.938410245023345e-03	-4.003015e-01
1.947373942142132e-03	2.412640e-01
1.957404239737183e-03	1.019978e+00
1.963251953460699e-03	1.412174e+00
1.966944930204064e-03	1.591062e+00
1.969515565073977e-03	1.672662e+00
1.971396396717051e-03	1.707595e+00
1.972985183623505e-03	1.719935e+00
1.974513560420482e-03	1.716579e+00
1.976319151839043e-03	1.693292e+00
1.978647050696060e-03	1.631285e+00
1.982418558230042e-03	1.458969e+00
1.988412809960219e-03	1.041850e+00
1.997377579550982e-03	2.356114e-01
2.007406561179493e-03	-7.283392e-01
2.013253331654367e-03	-1.228984e+00
2.016945856218242e-03	-1.476523e+00
2.019516230512631e-03	-1.605952e+00
2.021396891434666e-03	-1.675889e+00
2.022985798854236e-03	-1.717806e+00
2.024513697697129e-03	-1.742888e+00
2.026319202902502e-03	-1.753195e+00
2.028647133733487e-03	-1.734476e+00
2.032418692077544e-03	-1.632188e+00
2.038413018934592e-03	-1.326007e+00
2.047377875894854e-03	-6.846674e-01
2.057406750293624e-03	9.634417e-02
2.063253443930266e-03	4.913805e-01
2.066945931658050e-03	6.728240e-01
2.069516284724494e-03	7.565370e-01
2.071396931738410e-03	7.931845e-01
2.072985848975902e-03	8.070857e-01
2.074513708880826e-03	8.053266e-01
2.076319207062555e-03	7.840451e-01
2.078647140498405e-03	7.248230e-01
2.082418702981871e-03	5.574882e-01
2.088413035959361e-03	1.494039e-01
2.097377900037405e-03	-6.410761e-01
2.107406765700270e-03	-1.584677e+00
2.113253453077115e-03	-2.072016e+00
2.116945937803959e-03	-2.310475e+00
2.119516289141013e-03	-2.433295e+00
2.121396935021867e-03	-2.498257e+00
2.122985853059204e-03	-2.535879e+00
2.124513709791938e-03	-2.556752e+00
2.126319207401465e-03	-2.561985e+00
2.128647141049527e-03	-2.536543e+00
2.132418703870220e-03	-2.422931e+00
2.138413037346328e-03	-2.101742e+00
2.146424531506757e-03	-1.506446e+00
2.156703850198036e-03	-6.636931e-01
2.162838790541231e-03	-2.174076e-01
2.166668510777986e-03	-7.668195e-03
2.169317357602435e-03	9.286294e-02
2.171249201924088e-03	1.406322e-01
2.172802070378559e-03	1.619639e-01
2.174472731373890e-03	1.680253e-01
2.176303963424059e-03	1.549491e-01
2.178622351504381e-03	1.063822e-01
2.182378743020978e-03	-4.306358e-02
2.188350632902587e-03	-4.213925e-01
2.197289349974596e-03	-1.167332e+00
2.206338644670655e-03	-1.977693e+00
2.212915964786806e-03	-2.502646e+00
2.216719962731139e-03	-2.735858e+00
2.219354186189894e-03	-2.851057e+00
2.221276527345269e-03	-2.909290e+00
2.222836073151328e-03	-2.939173e+00
2.224480309124782e-03	-2.953845e+00
2.226306782508887e-03	-2.950176e+00
2.228626935917968e-03	-2.912899e+00
2.232386133528287e-03	-2.780093e+00
2.238362176340311e-03	-2.424381e+00
2.247305738768448e-03	-1.705829e+00
2.257489364858021e-03	-8.196915e-01
2.263347409750390e-03	-3.694589e-01
2.267009129622815e-03	-1.552442e-01
2.269561721609833e-03	-4.787847e-02
2.271430720109351e-03	6.517278e-03
2.273027864933447e-03	3.603452e-02
2.274532644142515e-03	4.910447e-02
2.276326250288188e-03	4.575946e-02
2.278658593838480e-03	9.811306e-03
2.282437163954430e-03	-1.196073e-01
2.288441855785536e-03	-4.669054e-01
2.297418756714058e-03	-1.165441e+00
2.306456013367672e-03	-1.921927e+00
2.312970806829002e-03	-2.402779e+00
2.316756576242999e-03	-2.612113e+00
2.319380411894370e-03	-2.711294e+00
2.321295992716120e-03	-2.758023e+00
2.322860292523238e-03	-2.778831e+00
2.324485707550835e-03	-2.783861e+00
2.326308790793223e-03	-2.769625e+00
2.328630201786973e-03	-2.718987e+00
2.332391398302988e-03	-2.564665e+00
2.338370398948874e-03	-2.175033e+00
2.347317410427750e-03	-1.407500e+00
2.358441458506636e-03	-3.841969e-01
2.363873952795176e-03	5.348064e-02
2.367365502034062e-03	2.682777e-01
2.369818756763479e-03	3.800491e-01
2.371622169900587e-03	4.392567e-01
2.373265814810541e-03	4.754624e-01
2.374955360908783e-03	4.962962e-01
2.376483408440216e-03	4.988250e-01
2.378914112545011e-03	4.693061e-01
2.382848706178991e-03	3.468157e-01
2.389082724170618e-03	3.923889e-03
2.398320883836812e-03	-6.813077e-01
2.407996856024457e-03	-1.441506e+00
2.413605771454717e-03	-1.816427e+00
2.417183519800060e-03	-1.988093e+00
2.419687329143932e-03	-2.067058e+00
2.421524212281516e-03	-2.101062e+00
2.423144089777631e-03	-2.113463e+00
2.424739135166952e-03	-2.109922e+00
2.426403034036700e-03	-2.088349e+00
2.428783444957052e-03	-2.024514e+00
2.432638326891595e-03	-1.847259e+00
2.438755499805732e-03	-1.418505e+00
2.447861803259739e-03	-5.979509e-01
2.457712385689763e-03	3.441692e-01
2.463435424297348e-03	8.291683e-01
2.467068435243030e-03	1.069568e+00
2.469604400131631e-03	1.195628e+00
2.471462472434355e-03	1.263779e+00
2.473067343260170e-03	1.305406e+00
2.474602786876379e-03	1.330094e+00
2.476352337333896e-03	1.339578e+00
2.478701013856331e-03	1.320122e+00
2.482505528006228e-03	1.216185e+00
2.488548527506109e-03	9.066273e-01
2.497569767185274e-03	2.627414e-01
2.507528694641329e-03	-5.066809e-01
2.513325924770218e-03	-8.928038e-01
2.516994668881143e-03	-1.069055e+00
2.519551321000377e-03	-1.149518e+00
2.521422984398602e-03	-1.183926e+00
2.523018246113621e-03	-1.196157e+00
2.524520938739385e-03	-1.192824e+00
2.526321896355946e-03	-1.169675e+00
2.528651513711544e-03	-1.107917e+00
2.532425752048746e-03	-9.361928e-01
2.538424041125532e-03	-5.204950e-01
2.547393504497722e-03	2.823140e-01
2.557416720302854e-03	1.239733e+00
2.563259363626783e-03	1.735670e+00
2.566949909434635e-03	1.979953e+00
2.569519143287200e-03	2.107006e+00
2.571399056967196e-03	2.175148e+00
2.572988491893879e-03	2.215541e+00
2.574514298604752e-03	2.239074e+00
2.576319426424748e-03	2.247537e+00
2.578647497216647e-03	2.226352e+00
2.582419277973019e-03	2.119832e+00
2.588413933681871e-03	1.806362e+00
2.597379173071068e-03	1.153042e+00
2.607407578067507e-03	3.574682e-01
2.613253935379221e-03	-4.670762e-02
2.616946261871794e-03	-2.342502e-01
2.619516522020403e-03	-3.223511e-01
2.621397108156046e-03	-3.622795e-01
2.622986068368468e-03	-3.789997e-01
2.624513757834167e-03	-3.799895e-01
2.626319225271959e-03	-3.620052e-01
2.628647170109833e-03	-3.071137e-01
2.632418750712327e-03	-1.469802e-01
2.638413110480220e-03	2.492264e-01
2.647378005714127e-03	1.021641e+00
2.656710342883013e-03	1.881571e+00
2.663000513452831e-03	2.397803e+00
2.666776426372548e-03	2.637667e+00
2.669394636570913e-03	2.758725e+00
2.671306553012758e-03	2.821528e+00
2.672873431033072e-03	2.855662e+00
2.674488636446592e-03	2.874400e+00
2.676309880364759e-03	2.875700e+00
2.678631973641116e-03	2.844868e+00
2.682394254597209e-03	2.722538e+00
2.688374859749392e-03	2.383501e+00
2.697323741521501e-03	1.690257e+00
2.707552566857283e-03	8.304102e-01
2.713400170588288e-03	3.988953e-01
2.717044667939575e-03	1.970840e-01
2.719587291653848e-03	9.803741e-02
2.721449742167968e-03	4.956995e-02
2.723051516126964e-03	2.492509e-02
2.724574666583083e-03	1.639014e-02
2.726341879640835e-03	2.514734e-02
2.728684008923975e-03	6.852955e-02
2.732478124832505e-03	2.102985e-01
2.738505779041211e-03	5.777698e-01
2.747509290518379e-03	1.305780e+00
2.756233725297380e-03	2.061400e+00
2.762958863348570e-03	2.578137e+00
2.766748599001554e-03	2.799192e+00
2.769374696626011e-03	2.905904e+00
2.771291750214747e-03	2.958096e+00
2.772855014067844e-03	2.983317e+00
2.774484530926454e-03	2.992970e+00
2.776308353076912e-03	2.983864e+00
2.778629489974472e-03	2.939678e+00
2.782390250827094e-03	2.795633e+00
2.788368606844596e-03	2.422051e+00
2.797314866777796e-03	1.677090e+00
2.807590718298578e-03	7.533454e-01
2.813362854445814e-03	2.938182e-01
2.817019528799872e-03	6.998016e-02
2.819569202443560e-03	-4.433944e-02
2.821436284704037e-03	-1.038503e-01
2.823034783914727e-03	-1.377953e-01
2.824544937620935e-03	-1.550615e-01
2.826330822789523e-03	-1.566125e-01
2.828666029323482e-03	-1.269538e-01
2.832449148148672e-03	-7.538757e-03
2.838460561328640e-03	3.113524e-01
2.844489567185612e-03	7.484156e-01
2.851158988419597e-03	1.301096e+00
2.859312430255527e-03	1.949721e+00
2.864406527077560e-03	2.280656e+00
2.867729769036593e-03	2.434555e+00
2.870082884319293e-03	2.506531e+00
2.871819434424104e-03	2.537726e+00
2.873503229006005e-03	2.549299e+00
2.875376955583863e-03	2.542701e+00
2.877113781618939e-03	2.515697e+00
2.879938008692734e-03	2.427010e+00
2.884491111364956e-03	2.187400e+00
2.891607325109691e-03	1.639849e+00
2.901748876293384e-03	6.980321e-01
2.910037755447505e-03	-6.586263e-02
2.914857678966196e-03	-4.396688e-01
2.918041281654517e-03	-6.277002e-01
2.920309841969901e-03	-7.275123e-01
2.921989351176801e-03	-7.808866e-01
2.923708220767834e-03	-8.157644e-01
2.926018978735487e-03	-8.360991e-01
2.928158784642067e-03	-8.248945e-01
2.931630503087020e-03	-7.417448e-01
2.937177101229984e-03	-4.802976e-01
2.945603263506485e-03	1.001519e-01
2.956724099713932e-03	9.635877e-01
2.962850664411504e-03	1.383604e+00
2.966676421666603e-03	1.575179e+00
2.969323018149927e-03	1.662630e+00
2.971253401099516e-03	1.700597e+00
2.972807295963709e-03	1.713909e+00
2.974473895832635e-03	1.711173e+00
2.976304396632385e-03	1.688258e+00
2.978623055992173e-03	1.626894e+00
2.982379878733957e-03	1.455920e+00
2.988352406866820e-03	1.041517e+00
2.997291868814570e-03	2.386382e-01
3.007351759638129e-03	-7.284687e-01
3.013220813023372e-03	-1.231698e+00
3.016924013803914e-03	-1.480446e+00
3.019500536975696e-03	-1.610454e+00
3.021385225098052e-03	-1.680708e+00
3.022971290233684e-03	-1.722651e+00
3.024510460579399e-03	-1.747986e+00
3.026317998770098e-03	-1.758359e+00
3.028645175617529e-03	-1.739676e+00
3.032415535786375e-03	-1.637472e+00
3.038408090973434e-03	-1.331473e+00
3.047370887273839e-03	-6.903594e-01
3.057402289791520e-03	9.087452e-02
3.063250795863406e-03	4.860945e-01
3.066944152429790e-03	6.676243e-01
3.069515006168651e-03	7.513787e-01
3.071395981203975e-03	7.880479e-01
3.072984666890463e-03	8.019571e-01
3.074513445122233e-03	8.002042e-01
3.076319108950979e-03	7.789269e-01
3.078646980953136e-03	7.197115e-01
3.082418445811816e-03	5.523893e-01
3.088412634442854e-03	1.443288e-01
3.097377330651068e-03	-6.461203e-01
3.107406402340178e-03	-1.589732e+00
3.113253237352748e-03	-2.077081e+00
3.116945792855748e-03	-2.315544e+00
3.119516184979708e-03	-2.438365e+00
3.121396857583288e-03	-2.503327e+00
3.122985756756712e-03	-2.540948e+00
3.124513688303870e-03	-2.561821e+00
3.126319199408446e-03	-2.567053e+00
3.128647128051589e-03	-2.541610e+00
3.132418682918931e-03	-2.427995e+00
3.138413004635378e-03	-2.102796e+00
3.147377855617363e-03	-1.430478e+00
3.155994374712656e-03	-7.245223e-01
3.162680616691442e-03	-2.339541e-01
3.166563316202783e-03	-1.748644e-02
3.169242154668777e-03	8.551786e-02
3.171193439527121e-03	1.345969e-01
3.172732668134016e-03	1.558016e-01
3.174642506592820e-03	1.624277e-01
3.176367107437355e-03	1.494483e-01
3.178725030441439e-03	9.836629e-02
3.182544225860699e-03	-5.644505e-02
3.188608872523350e-03	-4.397408e-01
3.196184569930055e-03	-1.068602e+00
3.205537679635607e-03	-1.912087e+00
3.212504612029429e-03	-2.478255e+00
3.216446674505828e-03	-2.726674e+00
3.219158916811250e-03	-2.848871e+00
3.221131775153640e-03	-2.910828e+00
3.222655898880932e-03	-2.941029e+00
3.224547506221386e-03	-2.958562e+00
3.226331778146654e-03	-2.955102e+00
3.228667582850385e-03	-2.916902e+00
3.232451651993474e-03	-2.782054e+00
3.238464469134708e-03	-2.422082e+00
3.247450797561095e-03	-1.698203e+00
3.257564664337980e-03	-8.181090e-01
3.263358889616323e-03	-3.734527e-01
3.267016858899259e-03	-1.598078e-01
3.269567281689103e-03	-5.262670e-02
3.271434855913834e-03	1.671794e-03
3.273033007382624e-03	3.115388e-02
3.274541781131467e-03	4.421143e-02
3.276329648764608e-03	4.081941e-02
3.278664120212041e-03	4.750028e-03
3.282446071172646e-03	-1.249331e-01
3.288455758871052e-03	-4.727862e-01
3.297438457779871e-03	-1.172019e+00
3.306456111378684e-03	-1.926834e+00
3.312976622272066e-03	-2.408015e+00
3.316760461188393e-03	-2.617181e+00
3.319383195510837e-03	-2.716269e+00
3.321298059120831e-03	-2.762948e+00
3.322862863474865e-03	-2.783744e+00
3.324486280658505e-03	-2.788754e+00
3.326309003994502e-03	-2.774509e+00
3.328630548493809e-03	-2.723862e+00
3.332391957209400e-03	-2.569518e+00
3.338371271828993e-03	-2.179841e+00
3.347318649328981e-03	-1.412226e+00
3.358423133632833e-03	-3.905941e-01
3.363862851405389e-03	4.785325e-02
3.367357949498185e-03	2.630360e-01
3.369813295255084e-03	3.749951e-01
3.371618096566181e-03	4.343060e-01
3.373260754188944e-03	4.705478e-01
3.374946372340147e-03	4.913878e-01
3.376480067528831e-03	4.939786e-01
3.378908681567930e-03	4.645789e-01
3.382839965351561e-03	3.423498e-01
3.389069144998941e-03	-6.330857e-06
3.398301897562329e-03	-6.846116e-01
3.407985189026596e-03	-1.445448e+00
3.413598766214727e-03	-1.820831e+00
3.417178779313429e-03	-1.992707e+00
3.419683910338137e-03	-2.071770e+00
3.421521665934545e-03	-2.105824e+00
3.423140924920570e-03	-2.118254e+00
3.424733512750818e-03	-2.114749e+00
3.426400943803991e-03	-2.093163e+00
3.428780046484683e-03	-2.029419e+00
3.432632853093635e-03	-1.852352e+00
3.438746974992353e-03	-1.423975e+00
3.447849800125653e-03	-6.038716e-01
3.457704879133022e-03	3.387226e-01
3.463430942003513e-03	8.240789e-01
3.467065412428195e-03	1.064646e+00
3.469602223866954e-03	1.190788e+00
3.471460852964866e-03	1.258984e+00
3.473065329875341e-03	1.300624e+00
3.474599209698109e-03	1.325308e+00
3.476351007056736e-03	1.334829e+00
3.478698850753925e-03	1.315418e+00
3.482502042347446e-03	1.211581e+00
3.488543090686900e-03	9.022370e-01
3.497562078673549e-03	2.586151e-01
3.507523828109383e-03	-5.110357e-01
3.513323029018148e-03	-8.973455e-01
3.516992720344268e-03	-1.073683e+00
3.519549919729368e-03	-1.154184e+00
3.521421942235356e-03	-1.188613e+00
3.523016950230373e-03	-1.200849e+00
3.524520649504386e-03	-1.197518e+00
3.526321788770286e-03	-1.174370e+00
3.528651338760830e-03	-1.112615e+00
3.532425470053601e-03	-9.408968e-01
3.538423600885131e-03	-5.252131e-01
3.547392880340012e-03	2.775801e-01
3.557416322263461e-03	1.235032e+00
3.563259127269557e-03	1.730993e+00
3.566949750603668e-03	1.975288e+00
3.569519029142614e-03	2.102348e+00
3.571398972103920e-03	2.170494e+00
3.572988386359057e-03	2.210888e+00
3.574514275056118e-03	2.234425e+00
3.576319417665268e-03	2.242890e+00
3.578647482972323e-03	2.221707e+00
3.582419255012736e-03	2.115191e+00
3.588413897834538e-03	1.801728e+00
3.597379122237484e-03	1.148418e+00
3.607407545629698e-03	3.528522e-01
3.613253916120765e-03	-5.131960e-02
3.616946248931615e-03	-2.388594e-01
3.619516512721399e-03	-3.269582e-01
3.621397101242694e-03	-3.668851e-01
3.622986059771043e-03	-3.836038e-01
3.624513755915811e-03	-3.845923e-01
3.626319224558379e-03	-3.666063e-01
3.628647168949437e-03	-3.117127e-01
3.632418748841893e-03	-1.515758e-01
3.638413107559938e-03	2.446362e-01
3.647378001572931e-03	1.017053e+00
3.656719666536745e-03	1.877837e+00
3.663001960259444e-03	2.393364e+00
3.666777393449903e-03	2.633157e+00
3.669395329695626e-03	2.754193e+00
3.671307067626330e-03	2.816985e+00
3.672874071269109e-03	2.851118e+00
3.674488779177591e-03	2.869847e+00
3.676309933461500e-03	2.871144e+00
3.678632059986591e-03	2.840311e+00
3.682394393788584e-03	2.717979e+00
3.688375077127006e-03	2.378940e+00
3.697324050024730e-03	1.685707e+00
3.707567476090759e-03	8.246845e-01
3.713404263506405e-03	3.940855e-01
3.717047426421999e-03	1.924388e-01
3.719589276980829e-03	9.345828e-02
3.721451219311702e-03	4.502658e-02
3.723053352658596e-03	2.039739e-02
3.724577929603721e-03	1.187312e-02
3.726343093171625e-03	2.064310e-02
3.728685982227691e-03	6.407361e-02
3.732481304914107e-03	2.059459e-01
3.738510740601414e-03	5.736279e-01
3.747516312464904e-03	1.301898e+00
3.756248353640575e-03	2.058159e+00
3.762963278525082e-03	2.573980e+00
3.766751547737383e-03	2.794864e+00
3.769376809154362e-03	2.901507e+00
3.771293318334283e-03	2.953663e+00
3.772856965110297e-03	2.978877e+00
3.774484965829981e-03	2.988510e+00
3.776308514865680e-03	2.979395e+00
3.778629753074788e-03	2.935203e+00
3.782390674957950e-03	2.791147e+00
3.788369269246166e-03	2.417545e+00
3.797315806978349e-03	1.671950e+00
3.806516855262922e-03	8.403554e-01
3.812729331745135e-03	3.345190e-01
3.816595677229897e-03	8.803008e-02
3.819265275887015e-03	-3.706299e-02
3.821210578659107e-03	-1.023920e-01
3.822754001551668e-03	-1.371380e-01
3.824462021362459e-03	-1.582064e-01
3.826299978943243e-03	-1.609977e-01
3.828615871872685e-03	-1.323899e-01
3.832368296923979e-03	-1.532521e-02
3.838334315210344e-03	3.079543e-01
3.846387962081438e-03	9.068925e-01
3.855540141650578e-03	1.655442e+00
3.862232315235361e-03	2.145852e+00
3.866267074687126e-03	2.369631e+00
3.869031059643663e-03	2.473938e+00
3.871037171767378e-03	2.522051e+00
3.872538077758111e-03	2.540699e+00
3.874377235431345e-03	2.544021e+00
3.876268430104997e-03	2.526318e+00
3.878564564812934e-03	2.471988e+00
3.882285569445598e-03	2.312718e+00
3.888205020106540e-03	1.917266e+00
3.897082281065484e-03	1.138960e+00
3.907216856893916e-03	1.801920e-01
3.913140903869392e-03	-3.216019e-01
3.916870401779324e-03	-5.691631e-01
3.919462039832293e-03	-6.980346e-01
3.921356615409786e-03	-7.673553e-01
3.922935707080047e-03	-8.080443e-01
3.924502523053875e-03	-8.327914e-01
3.926315046141453e-03	-8.420425e-01
3.928640374141071e-03	-8.220015e-01
3.932407796131112e-03	-7.181401e-01
3.938396006194676e-03	-4.107873e-01
3.947353746135955e-03	2.301183e-01
3.957391343580409e-03	1.009467e+00
3.963244298361347e-03	1.402187e+00
3.966939787187659e-03	1.581321e+00
3.969511869448596e-03	1.663036e+00
3.971393649285104e-03	1.698030e+00
3.972981766892634e-03	1.710392e+00
3.974512798057610e-03	1.707049e+00
3.976318868258825e-03	1.683772e+00
3.978646589548686e-03	1.621782e+00
3.982417814908385e-03	1.449499e+00
3.988411649415955e-03	1.032444e+00
3.997375933774657e-03	2.345380e-01
4.000000000000000e-03	-2.647621e-02
